
本体
sysvar
(0)Helper(1),ID

(1)Helper(4),ID

(2)Helper(3),ID

(3)Helper(2),ID

(4)StateNo


sysfvar
(0)
(1)
(2)
(3)
(4)GameTime

var
(0)Helper(1),ID一時保存
(1)Helper(4),ID一時保存
(2)Helper(3),ID一時保存
(3)Helper(2),ID一時保存
(4)helper(6),ID
(5)火闌降
(6)
(7)火闌降
(8)
(9)
(10)向き
(11)スパキャン
(12)勝利音
(13)火闌降
(14)
(15)ジャンプ
(16)ジャンプ
(17)
(18)
(19)
(20)
(21)
(22)
(23)
(24)
(25)
(26)
(27)
(28)
(29)
(30)AI
(31)
(32)
(33)
(34)
(35)
(36)
(37)
(38)
(39)
(40)
(41)
(42)
(43)
(44)
(45)
(46)
(47)
(48)
(49)
(50)
(51)
(52)
(53)
(54)
(55)
(56)
(57)
(58)

fvar
(0)damage補正
(1)
(2)
(3)
(4)
(5)
(6)
(7)
(8)
(9)
(10)
(11)
(12)
(13)
(14)
(15)
(16)
(17)
(18)
(19)
(20)
(21)
(22)
(23)
(24)
(25)
(26)
(27)
(28)
(29)
(30)
(31)
(32)
(33)
(34)
(35)
(36)
(37)
(38)
(39)

ヘルパー
var(57)gametime
var(58)gametime
var(59)gametime

explod
(9000+GameTime)ステ抜け


projid
